1561710128
1561710129
1561710130
1561710131
1561710132
1561710133
1561710134
1561710201
1561710202
1561710203
1561710204
1561710205
1561710206
1561710207
1561710208
1561710209
1561710210
1561710211
1561710212
1561710213
1561710214
1561710215
1561710216
1561710217
1561710218
1561710219
1561710220
1561710221
1561710222
1561710223
1561710224
1561710225
1561710226
1561710227
1561710228
1561710229
1561710230
1561710231
1561710232
1561710233
1561710234
1562310101
1562310102
1562310103
1562310104
1562310105
1562310106
1562310107
1562310108
1562310109
1562310110
1562310111
1562310112
1562310113
1562310114
1562310115
1562310116
1562310117
1562310118
1562310119
1562310120
1562310121
1562310122
1562310123
1562310124
1562310125
1562310126
1562310127
1562310128
1562310129
1562310130
1562310131
1562310132
1562310133
1562310134
1562310135
1562310136
1562310201
1562310202
1562310203
1562310204
1562310205
1562310206
1562310207
1562310208
1562310209
1562310210
1562310211
1562310212
1562310213
1562310214
1562310215
1562310216
1562310217
1562310218
1562310219
1562310220
1562310221
1562310222
1562310223
1562310224
1562310225
1562310226
1562310227
1562310228
1562310229
1562310230
1562310231
1562310232
1562310233
1562310234
1562310235
1562310301
1562310302
1562310303
1562310304
1562310305
1562310306
1562310307
1562310308
1562310309
1562310310
1562310311
1562310312
1562310313
1562310314
1562310315
1562310316
1562310317
1562310318
1562310319
1562310320
1562310321
1562310322
1562310323
1562310324
1562310325
1562310326
1562310327
1562310328
1562310329
1562310330
1562310331
1562310332
1562310333
1562310334
1562310335
1562410101
1562410102
1562410103
1562410104
1562410105
1562410106
1562410107
1562410108
1562410109
1562410110
1562410111
1562410112
1562410113
1562410114
1562410115
1562410116
1562410117
1562410118
1562410119
1562410120
1562410121
1562410122
1562410123
1562410124
1562410125
1562410126
1562410127
1562410128
1562410129
1562410130
1562410131
1562410132
1562410133
1562410201
1562410202
1562410203
1562410204
1562410205
1562410206
1562410207
1562410208
1562410209
1562410210
1562410211
1562410212
1562410213
1562410214
1562410215
1562410216
1562410217
1562410218
1562410219
1562410220
1562410221
1562410222
1562410223
1562410224
1562410225
1562410226
1562410227
1562410228
1562410229
1562410230
1562410231
1562410232
1562410301
1562410302
1562410303
1562410304
1562410305
1562410306
1562410307
1562410308
1562410309
1562410310
1562410311
1562410312
1562410313
1562410314
1562410315
1562410316
1562410317
1562410318
1562410319
1562410320
1562410321
1562410322
1562410323
1562410324
1562410325
1562410326
1562410327
1562410328
1562410329
1562410330
1562410331
1562410332
1562510101
1562510102
1562510103
1562510104
1562510105
1562510106
1562510107
1562510108
1562510109
1562510110
1562510111
1562510112
1562510113
1562510114
1562510115
1562510116
1562510117
1562510118
1562510119
1562510120
1562510121
1562510122
1562510123
1562510124
1562510125
1562510126
1562510127
1562510128
1562510129
1562510130
1562510131
1562510132
1562510133
1562510134
1562510135
1562510136
1562510201
1562510202
1562510203
1562510204
1562510205
1562510206
1562510207
1562510208
1562510209
1562510210
1562510211
1562510212
1562510213
1562510214
1562510215
1562510216
1562510217
1562510218
1562510219
1562510220
1562510221
1562510222
1562510223
1562510224
1562510225
1562510226
1562510227
1562510228
1562510229
1562510230
1562510231
1562510232
1562510233
1562510234
1562510235
1562510236
1562510301
1562510302
1562510303
1562510304
1562510305
1562510306
1562510307
1562510308
1562510309
1562510310
1562510311
1562510312
1562510313
1562510314
1562510315
1562510316
1562510317
1562510318
1562510319
1562510320
1562510321
1562510322
1562510323
1562510324
1562510325
1562510326
1562510327
1562510328
1562510329
1562510330
1562510331
1562510332
1562510333
1562510334
1562510335
1562810101
1562810102
1562810103
1562810104
1562810105
1562810106
1562810107
1562810108
1562810109
1562810110
1562810111
1562810112
1562810113
1562810114
1562810115
1562810116
1562810117
1562810118
1562810119
1562810120
1562810121
1562810122
1562810123
1562810124
1562810125
1562810126
1562810127
1562810128
1562810129
1562810130
1562810131
1562810132
1562810133
1562810134
1562810201
1562810202
1562810203
1562810204
1562810205
1562810206
1562810207
1562810208
1562810209
1562810210
1562810211
1562810212
1562810213
1562810214
1562810215
1562810216
1562810217
1562810218
1562810219
1562810220
1562810221
1562810222
1562810223
1562810224
1562810225
1562810226
1562810227
1562810228
1562810229
1562810230
1562810231
1562810232
1562810233
1562810301
1562810302
1562810303
1562810304
1562810305
1562810306
1562810307
1562810308
1562810309
1562810310
1562810311
1562810312
1562810313
1562810314
1562810315
1562810316
1562810317
1562810318
1562810319
1562810320
1562810321
1562810322
1562810323
1562810324
1562810325
1562810326
1562810327
1562810328
1562810329
1562810330
1562810331
1562810332
1562810333
1562910101
1562910102
1562910103
1562910104
1562910105
1562910106
1562910107
1562910108
1562910109
1562910110
1562910111
1562910112
1562910113
1562910114
1562910115
1562910116
1562910117
1562910118
1562910119
1562910120
1562910121
1562910122
1562910123
1562910124
1562910125
1562910126
1562910127
1562910201
1562910202
1562910203
1562910204
1562910205
1562910206
1562910207
1562910208
1562910209
1562910210
1562910211
1562910212
1562910213
1562910214
1562910215
1562910216
1562910217
1562910218
1562910219
1562910220
1562910221
1562910222
1562910223
1562910224
1562910225
1562910226
1562910227
1562910301
1562910302
1562910303
1562910304
1562910305
1562910306
1562910307
1562910308
1562910309
1562910310
1562910311
1562910312
1562910313
1562910314
1562910315
1562910316
1562910317
1562910318
1562910319
1562910320
1562910321
1562910322
1562910323
1562910324
1562910325
1562910326
1562910327
1563310101
1563310102
1563310103
1563310104
1563310105
1563310106
1563310107
1563310108
1563310109
1563310110
1563310111
1563310112
1563310113
1563310114
1563310115
1563310116
1563310117
1563310118
1563310119
1563310120
1563310121
1563310122
1563310123
1563310124
1563310125
1563310126
1563310127
1563310128
1563310129
1563310130
1563310131
1563310201
1563310202
1563310203
1563310204
1563310205
1563310206
1563310207
1563310208
1563310209
1563310210
1563310211
1563310212
1563310213
1563310214
1563310215
1563310216
1563310217
1563310218
1563310219
1563310220
1563310221
1563310222
1563310223
1563310224
1563310225
1563310226
1563310227
1563310228
1563310229
1563310230
1563310231
1563310301
1563310302
1563310303
1563310304
1563310305
1563310306
1563310307
1563310308
1563310309
1563310310
1563310311
1563310312
1563310313
1563310314
1563310315
1563310316
1563310317
1563310318
1563310319
1563310320
1563310321
1563310322
1563310323
1563310324
1563310325
1563310326
1563310327
1563310328
1563310329
1563310330
1563310331
1563510101
1563510102
1563510103
1563510104
1563510105
1563510106
1563510107
1563510108
1563510109
1563510110
1563510111
1563510112
1563510113
1563510114
1563510115
1563510116
1563510117
1563510118
1563510119
1563510120
1563510121
1563510122
1563510123
1563510124
1563510125
1563510126
1563510127
1563510128
1563510129
1563510130
1563510201
1563510202
1563510203
1563510204
1563510205
1563510206
1563510207
1563510208
1563510209
1563510210
1563510211
1563510212
1563510213
1563510214
1563510215
1563510216
1563510217
1563510218
1563510219
1563510220
1563510221
1563510222
1563510223
1563510224
1563510225
1563510226
1563510227
1563510228
1563510229
1563510230
1563510301
1563510302
1563510303
1563510304
1563510305
1563510306
1563510307
1563510308
1563510309
1563510310
1563510311
1563510312
1563510313
1563510314
1563510315
1563510316
1563510317
1563510318
1563510319
1563510320
1563510321
1563510322
1563510323
1563510324
1563510325
1563510326
1563510327
1563510328
1563510329
1563510330
1563510401
1563510402
1563510403
1563510404
1563510405
1563510406
1563510407
1563510408
1563510409
1563510410
1563510411
1563510412
1563510413
1563510414
1563510415
1563510416
1563510417
1563510418
1563510419
1563510420
1563510421
1563510422
1563510423
1563510424
1563510425
1563510426
1563510427
1563510428
1563510429
1563710101
1563710102
1563710103
1563710104
1563710105
1563710106
1563710107
1563710108
1563710109
1563710110
1563710111
1563710112
1563710113
1563710114
1563710115
1563710116
1563710117
1563710118
1563710119
1563710120
1563710121
1563710122
1563710123
1563710124
1563710125
1563710126
1563710127
1563710128
1563710129
1563710130
1563710131
1563710132
1563710133
1563710201
1563710202
1563710203
1563710204
1563710205
1563710206
1563710207
1563710208
1563710209
1563710210
1563710211
1563710212
1563710213
1563710214
1563710215
1563710216
1563710217
1563710218
1563710219
1563710220
1563710221
1563710222
1563710223
1563710224
1563710225
1563710226
1563710227
1563710228
1563710229
1563710230
1563710231
1563710232
1563710301
1563710302
1563710303
1563710304
1563710305
1563710306
1563710307
1563710308
1563710309
1563710310
1563710311
1563710312
1563710313
1563710314
1563710315
1563710316
1563710317
1563710318
1563710319
1563710320
1563710321
1563710322
1563710323
1563710324
1563710325
1563710326
1563710327
1563710328
1563710329
1563710330
1563710331
1563710332
1563810101
1563810102
1563810103
1563810104
1563810105
1563810106
1563810107
1563810108
1563810109
1563810110
1563810111
1563810112
1563810113
1563810114
1563810115
1563810116
1563810117
1563810118
1563810119
1563810120
1563810121
1563810122
1563810123
1563810124
1563810125
1563810126
1563810127
1563810128
1563810129
1563810130
1563810131
1563810132
1563810201
1563810202
1563810203
1563810204
1563810205
1563810206
1563810207
1563810208
1563810209
1563810210
1563810211
1563810212
1563810213
1563810214
1563810215
1563810216
1563810217
1563810218
1563810219
1563810220
1563810221
1563810222
1563810223
1563810224
1563810225
1563810226
1563810227
1563810228
1563810229
1563810230
1563810231
1563810301
1563810302
1563810303
1563810304
1563810305
1563810306
1563810307
1563810308
1563810309
1563810310
1563810311
1563810312
1563810313
1563810314
1563810315
1563810316
1563810317
1563810318
1563810319
1563810320
1563810321
1563810322
1563810323
1563810324
1563810325
1563810326
1563810327
1563810328
1563810329
1563810330
1563810331
